0 0.878605 0.560855 0.133953 0.201083
4 0.718328 0.75145 0.0685016 0.0863082
4 0.657307 0.749047 0.0200487 0.0281187
3 0.358837 0.867577 0.0336232 0.0436432
4 0.578382 0.946955 0.083152 0.0918715
3 0.326652 0.896216 0.0266466 0.0311405
4 0.282303 0.682557 0.00795078 0.0115699
4 0.588128 0.814291 0.0613049 0.0769617
4 0.5792 0.824036 0.0429752 0.0513876
4 0.476443 0.965118 0.0207958 0.0308071
3 0.460685 0.195349 0.028532 0.0379144
3 0.313163 0.699893 0.0181696 0.0244036
4 0.338301 0.286165 0.0107149 0.0117488
4 0.618114 0.0701263 0.0116556 0.0124114
3 0.321887 0.64867 0.0252752 0.0201372
4 0.543422 0.923365 0.0165604 0.0373627
4 0.513522 0.957141 0.0128268 0.0221685
4 0.5054 0.388646 0.0114466 0.0142834
4 0.388059 0.312485 0.0087635 0.00925703
4 0.821572 0.184034 0.0136814 0.0139485
4 0.604914 0.741812 0.0249001 0.0395676
3 0.658518 0.0529268 0.0217192 0.0148008
4 0.489641 0.413659 0.0121897 0.0263735
4 0.778905 0.841232 0.0157734 0.0239891
3 0.37032 0.369783 0.0123672 0.013184
4 0.665751 0.117723 0.0100871 0.00904353
4 0.618076 0.518912 0.00578461 0.00782547
4 0.403362 0.411768 0.0161533 0.0235662
4 0.601701 0.813228 0.0344071 0.0706263
3 0.750773 0.865214 0.0173788 0.0232389
4 0.75712 0.743827 0.0127058 0.0137425
3 0.574175 0.616154 0.0246284 0.0231047
4 0.547177 0.830423 0.0151967 0.0172047
4 0.571523 0.76936 0.020223 0.0199512
4 0.590556 0.694963 0.00836811 0.0100245
4 0.663506 0.779975 0.0181723 0.0221056
4 0.808579 0.166281 0.011985 0.0206764
4 0.429898 0.969436 0.00848904 0.0108568
1 0.467693 0.644811 0.274492 0.261853
4 0.792277 0.729293 0.00647001 0.00907297
4 0.644886 0.0919023 0.00680132 0.0109621
4 0.780144 0.732684 0.00772181 0.0107499
4 0.561556 0.711509 0.0095994 0.0128365
3 0.690204 0.905336 0.0145409 0.0193712
3 0.373647 0.941509 0.0247833 0.02342
4 0.557991 0.742784 0.00911713 0.0103964
4 0.296499 0.673442 0.0173165 0.0163468
3 0.358748 0.873936 0.027447 0.0362989
3 0.302194 0.922473 0.0165737 0.0179146
4 0.570911 0.756786 0.0208221 0.0152715
4 0.54567 0.71672 0.00663271 0.00923824
3 0.478499 0.631304 0.0453983 0.0487584
4 0.660261 0.720396 0.0136667 0.0169241
4 0.682238 0.10942 0.0130527 0.0125857
4 0.66212 0.690786 0.0205872 0.0248068
4 0.60905 0.709514 0.0133316 0.0153057
4 0.658581 0.685183 0.0106026 0.0128303
3 0.676244 0.854332 0.013205 0.0106747
3 0.518827 0.81149 0.0178668 0.0141911
3 0.326498 0.802369 0.0141375 0.0162201
4 0.664213 0.695067 0.0225264 0.0280123
4 0.780465 0.645793 0.00750484 0.00822372
4 0.457222 0.979613 0.0132022 0.0225502
4 0.548827 0.866725 0.0166595 0.0228546
3 0.312858 0.700112 0.0268801 0.0277079
4 0.514203 0.923832 0.011989 0.0163221
4 0.751062 0.78816 0.0122461 0.0208988
4 0.184388 0.319574 0.0108326 0.0105374
4 0.547889 0.843495 0.0188693 0.0328968
4 0.461934 0.427985 0.0170235 0.0200067
4 0.628961 0.7216 0.0175194 0.026579
4 0.448328 0.96662 0.017988 0.0187122
4 0.765817 0.83021 0.011367 0.0196804
4 0.81914 0.187967 0.017041 0.0174649
4 0.642666 0.117654 0.0092762 0.0122129
4 0.494089 0.955931 0.0080224 0.00863724
4 0.578576 0.734633 0.0239599 0.0292652
4 0.467188 0.367074 0.00820351 0.0137893
3 0.88793 0.260792 0.0156977 0.0162595
4 0.599893 0.74314 0.0229515 0.0376631
4 0.505826 0.387253 0.0141878 0.0172339
4 0.628111 0.832425 0.00830965 0.00877056
4 0.355025 0.306687 0.0102156 0.0158426
