3 0.924461 0.501111 0.0377419 0.0275905
0 0.229384 0.324154 0.120354 0.130432
3 0.623526 0.808193 0.0300562 0.0243841
3 0.423515 0.744512 0.0531393 0.0316825
3 0.797583 0.695117 0.125135 0.136157
3 0.934954 0.50204 0.060532 0.031843
3 0.944854 0.509064 0.0786633 0.049501
3 0.795456 0.726119 0.119254 0.11513
3 0.417521 0.743432 0.0432086 0.0269068
3 0.44069 0.744381 0.088109 0.0352634
3 0.44964 0.757116 0.0875366 0.0269156
5 0.125237 0.640209 0.027445 0.0322863
1 0.498049 0.33426 0.213948 0.171171
3 0.769941 0.757131 0.0742908 0.0615222
3 0.326863 0.903819 0.0431304 0.0457336
3 0.463195 0.759308 0.0638945 0.0253283
3 0.700103 0.511158 0.0438677 0.0762577
5 0.94572 0.509971 0.0761543 0.0485388
3 0.362934 0.777982 0.0350735 0.0243618
3 0.531127 0.267301 0.0186167 0.0205305
3 0.610631 0.859806 0.0137831 0.0158644
