3 0.650688 0.854059 0.0630804 0.131933
0 0.567867 0.481321 0.132584 0.179819
4 0.180672 0.493565 0.00724688 0.00888157
5 0.591547 0.743958 0.0350195 0.0491829
5 0.820689 0.55233 0.0291195 0.0400192
4 0.231446 0.151742 0.024091 0.027963
1 0.233488 0.527411 0.215347 0.183049
4 0.468253 0.568202 0.00726976 0.0111545
3 0.579568 0.0468504 0.0527704 0.0712349
3 0.738892 0.657034 0.0163192 0.0243999
4 0.506477 0.632553 0.00850153 0.00872192
4 0.272217 0.366681 0.0112248 0.0292875
3 0.876458 0.281787 0.064959 0.0780485
4 0.679323 0.459757 0.00839996 0.0117862
4 0.319183 0.121846 0.0205323 0.0225896
4 0.468936 0.544571 0.0104519 0.0174017
4 0.479049 0.519335 0.0129099 0.0125456
5 0.814518 0.361092 0.0292015 0.043091
3 0.378249 0.803884 0.02013 0.0256653
5 0.821912 0.431766 0.0311069 0.0409773
4 0.287085 0.120721 0.0232254 0.0153893
5 0.707983 0.642694 0.0330662 0.0463299
5 0.862501 0.621888 0.0310221 0.0427392
3 0.243293 0.297788 0.0110248 0.0114849
4 0.189072 0.639546 0.00785217 0.00898752
3 0.608949 0.91739 0.0137039 0.0131165
5 0.0999767 0.240192 0.0187118 0.0294896
4 0.705566 0.404494 0.00863829 0.0080658
5 0.677973 0.919888 0.0225122 0.0271009
4 0.468263 0.665891 0.0106348 0.0103401
5 0.575655 0.933459 0.0293274 0.0541599
5 0.563525 0.858382 0.0254049 0.0278179
4 0.48406 0.630762 0.00916557 0.010655
3 0.565812 0.0427187 0.0802815 0.0837351
5 0.843347 0.496532 0.0310255 0.0409939
3 0.675681 0.0570472 0.0461746 0.036108
3 0.487363 0.576445 0.0181213 0.0280396
3 0.611445 0.867889 0.0179518 0.0373772
4 0.208577 0.570588 0.00626655 0.00692844
4 0.705541 0.458851 0.00687809 0.0104345
4 0.215584 0.181741 0.0139931 0.010764
