3 0.556829 0.246577 0.108557 0.10986
0 0.0890714 0.432411 0.13605 0.168769
4 0.457343 0.305047 0.112232 0.185219
4 0.417944 0.435897 0.0242226 0.0386862
4 0.511025 0.497312 0.0537306 0.0350083
4 0.369487 0.411492 0.0232156 0.0385442
4 0.341184 0.272746 0.0108104 0.0112902
4 0.508549 0.449782 0.0552566 0.0568483
3 0.751684 0.601096 0.0288153 0.0386364
4 0.770868 0.531988 0.0200705 0.0375854
4 0.818534 0.558444 0.0284986 0.0384095
4 0.345098 0.39911 0.0164773 0.0303579
4 0.614423 0.454624 0.0341635 0.0329697
4 0.371921 0.250648 0.030116 0.0345695
4 0.645411 0.236233 0.016703 0.0281559
3 0.700932 0.623942 0.0408184 0.061733
4 0.292461 0.334037 0.031265 0.0430163
4 0.544503 0.158728 0.023638 0.0320308
4 0.529156 0.320331 0.0102531 0.019284
4 0.609222 0.366923 0.0531704 0.0786238
4 0.681789 0.450388 0.0791914 0.0739148
4 0.361112 0.432483 0.0166304 0.0224726
4 0.364627 0.414793 0.0331779 0.0493851
4 0.629727 0.21691 0.0200468 0.0200575
1 0.471288 0.510326 0.348924 0.27503
4 0.352504 0.206979 0.0135206 0.0186667
4 0.329108 0.397205 0.0212317 0.042377
4 0.400256 0.472452 0.0194681 0.0291843
4 0.558435 0.182699 0.0180849 0.0233963
3 0.629244 0.609678 0.0211635 0.0158992
4 0.455607 0.621891 0.0179965 0.0368828
4 0.803921 0.622288 0.0223816 0.0226999
4 0.7916 0.691077 0.0205187 0.0240965
3 0.616613 0.687962 0.0173525 0.0224878
3 0.763924 0.56214 0.0337971 0.0257061
4 0.63013 0.437402 0.0308481 0.0360464
3 0.595244 0.555462 0.0164896 0.0187872
4 0.347056 0.250816 0.0101709 0.0156418
4 0.565917 0.15721 0.0148293 0.0109551
4 0.442217 0.478115 0.0088191 0.0159456
4 0.791004 0.530029 0.0126561 0.0169905
4 0.482393 0.189722 0.0151366 0.0211293
4 0.803273 0.664708 0.0132347 0.0120564
4 0.542895 0.553005 0.00725107 0.0103267
4 0.569159 0.508282 0.0211328 0.0208694
4 0.373523 0.202545 0.0220167 0.040093
4 0.588066 0.482367 0.0489578 0.0242462
4 0.590982 0.163855 0.0158758 0.0168835
4 0.784849 0.694731 0.0198468 0.0266096
4 0.495899 0.129035 0.0122833 0.0111187
4 0.752236 0.468312 0.0169132 0.0233567
4 0.811208 0.647091 0.0266544 0.0222599
4 0.319032 0.402287 0.0116116 0.021522
4 0.737046 0.68136 0.0213714 0.0351248
4 0.444618 0.644188 0.00927086 0.0117811
4 0.592485 0.145857 0.0138482 0.0123697
4 0.503648 0.172305 0.0225569 0.0180953
4 0.620706 0.736741 0.0133228 0.0197407
4 0.39563 0.433303 0.0102417 0.0132841
4 0.710078 0.740898 0.0113499 0.0179994
4 0.295199 0.329392 0.0405318 0.0514096
4 0.641453 0.532741 0.00943584 0.00866318
4 0.296981 0.407333 0.00993671 0.0107676
4 0.669322 0.506981 0.00666866 0.00909138
4 0.430785 0.692377 0.0125722 0.0173384
4 0.48266 0.145031 0.0106701 0.013219
4 0.6247 0.346412 0.0284035 0.0426831
4 0.624443 0.433128 0.0186874 0.0263563
4 0.469176 0.150787 0.0100739 0.015406
4 0.469535 0.149203 0.0123016 0.0179489
4 0.752746 0.705599 0.0320918 0.0278847
4 0.559999 0.631637 0.0139542 0.015135
4 0.258611 0.558543 0.0166244 0.0187034
4 0.734334 0.592517 0.0168661 0.0193515
4 0.392262 0.279295 0.00734777 0.0130867
4 0.332733 0.392486 0.0341919 0.0530536
4 0.306169 0.278095 0.0150417 0.0172541
4 0.731333 0.449419 0.0189302 0.0192986
4 0.649879 0.713922 0.0240714 0.0262463
4 0.332162 0.457979 0.0120043 0.0156504
4 0.3249 0.242548 0.0160229 0.0190663
4 0.35838 0.631176 0.0206898 0.0188131
4 0.797377 0.622391 0.0333589 0.0263338
4 0.231566 0.558052 0.0136518 0.0146323
4 0.592753 0.157915 0.0234316 0.0298254
4 0.396031 0.338563 0.01071 0.0174649
4 0.315525 0.729737 0.00911388 0.0119461
4 0.368847 0.616807 0.0101241 0.0119487
4 0.704465 0.477882 0.0117065 0.0205793
3 0.668432 0.569357 0.0154745 0.0215238
4 0.520705 0.73022 0.00690498 0.00843534
4 0.458453 0.194439 0.0128702 0.0107616
4 0.334079 0.236171 0.0153515 0.0193395
4 0.68097 0.750308 0.00956554 0.0139074
3 0.638429 0.61715 0.0153795 0.0165287
4 0.39292 0.40705 0.0127733 0.0246114
4 0.438852 0.40617 0.0103806 0.0178816
4 0.445075 0.596663 0.00911608 0.011368
4 0.577724 0.130857 0.00918961 0.0113388
4 0.781965 0.464088 0.0296711 0.0265159
4 0.620569 0.448932 0.0257648 0.0335918
4 0.668806 0.736326 0.0124839 0.0182056
4 0.606943 0.156121 0.0237232 0.027381
4 0.793398 0.558133 0.0137397 0.0134248
4 0.665123 0.47863 0.0189327 0.0304844
4 0.322406 0.281546 0.0137908 0.0179628
4 0.605976 0.373058 0.0430797 0.0666705
4 0.626097 0.334627 0.0310298 0.0646361
3 0.421513 0.956323 0.0226804 0.0200964
4 0.639321 0.473641 0.0176612 0.0251001
4 0.747018 0.447385 0.0159867 0.0182284
4 0.359897 0.66582 0.0103084 0.0108831
4 0.392977 0.236723 0.0181541 0.0294595
4 0.593858 0.373063 0.018541 0.0337528
4 0.324424 0.397142 0.0217242 0.0365063
4 0.439068 0.677562 0.011384 0.0143782
4 0.808859 0.650181 0.0285315 0.0268482
4 0.516667 0.533033 0.00869694 0.0156908
4 0.514085 0.189048 0.0133828 0.0188038
3 0.632402 0.614084 0.0253263 0.0225649
4 0.444763 0.19404 0.00689735 0.00625298
4 0.769356 0.692121 0.0138603 0.0205534
4 0.400719 0.245991 0.02104 0.0291179
4 0.607321 0.194619 0.00883484 0.00923924
4 0.364835 0.418483 0.0206182 0.0461224
4 0.571646 0.170637 0.0192877 0.0148099
3 0.854832 0.470705 0.0157589 0.0161028
4 0.679445 0.704935 0.0603501 0.0624713
4 0.55975 0.155994 0.0180247 0.0276438
4 0.336733 0.209216 0.0130319 0.0173237
3 0.651233 0.559435 0.0144716 0.0117582
4 0.627521 0.324691 0.0292988 0.0497478
4 0.581202 0.620537 0.0162972 0.0153849
3 0.384744 0.560099 0.0115853 0.0139557
4 0.218094 0.576446 0.0107301 0.0119844
4 0.707964 0.75572 0.00858364 0.00707369
4 0.767284 0.436817 0.0133763 0.0236835
4 0.30879 0.498883 0.0115362 0.0113315
4 0.794719 0.687928 0.0143826 0.0178138
4 0.256918 0.359416 0.00932665 0.0106301
4 0.558554 0.351954 0.0197631 0.017672
3 0.503966 0.244568 0.0145415 0.0269948
4 0.456946 0.179837 0.00979538 0.0118456
4 0.420083 0.755687 0.00559578 0.00907049
3 0.595401 0.705791 0.0126361 0.0143391
3 0.303371 0.596226 0.0203919 0.0107242
4 0.637721 0.750672 0.0137196 0.0154713
4 0.396384 0.33703 0.00856805 0.0148492
3 0.634488 0.614313 0.0228195 0.0177306
4 0.635059 0.748949 0.0168089 0.0182394
4 0.803295 0.62759 0.0354593 0.0357264
4 0.497421 0.319962 0.018456 0.0217628
3 0.519428 0.827361 0.0174517 0.0190342
4 0.735252 0.68616 0.031459 0.0484562
4 0.589957 0.515219 0.0105242 0.0103477
