0 0.128969 0.608665 0.107827 0.158458
4 0.4753 0.506845 0.045513 0.0515865
4 0.69496 0.22293 0.00947113 0.0150761
4 0.523 0.487391 0.0194952 0.0237532
4 0.52658 0.560895 0.0230346 0.0323192
4 0.483964 0.578036 0.0168211 0.025136
1 0.448699 0.700284 0.208407 0.164457
4 0.532604 0.610669 0.0150643 0.0229858
4 0.553084 0.578288 0.0243904 0.0177189
4 0.528848 0.17245 0.0152002 0.0160375
4 0.552905 0.366662 0.00946856 0.0113555
4 0.50355 0.388289 0.025668 0.0247909
4 0.491324 0.484096 0.0135962 0.0148542
4 0.613935 0.494175 0.011446 0.0107904
4 0.0295484 0.466801 0.00699875 0.00766993
4 0.492722 0.403507 0.00844574 0.0111691
4 0.53582 0.338314 0.0163926 0.0179535
4 0.659179 0.759979 0.0131659 0.0156618
4 0.509569 0.122502 0.0178595 0.0289023
4 0.501366 0.579797 0.0274602 0.0427575
4 0.48425 0.554515 0.00936813 0.00983753
4 0.491735 0.321944 0.0131777 0.0203665
4 0.538632 0.41559 0.00976257 0.0143101
4 0.510349 0.168981 0.0111001 0.0162944
4 0.538699 0.341109 0.0143615 0.0177772
4 0.552918 0.501052 0.0144591 0.0128481
4 0.682571 0.208597 0.0188272 0.0370619
4 0.495357 0.606252 0.0136188 0.0166261
4 0.669504 0.55615 0.00577469 0.0087182
4 0.508671 0.455397 0.00860491 0.0109756
4 0.541274 0.596882 0.0115124 0.012498
4 0.583899 0.879065 0.00755348 0.00893764
4 0.838027 0.411246 0.010297 0.0129282
4 0.464855 0.544177 0.0166651 0.0157047
4 0.602975 0.878067 0.00910645 0.00930214
4 0.533084 0.335378 0.0116364 0.011448
4 0.498635 0.587054 0.028735 0.0482979
4 0.510782 0.669506 0.011603 0.0100887
4 0.40489 0.184277 0.00685635 0.00777616
4 0.536986 0.519475 0.0133739 0.0120134
4 0.664766 0.757918 0.0133949 0.0170843
4 0.54082 0.498088 0.0149181 0.0160496
4 0.464012 0.563581 0.0125256 0.0202671
4 0.46476 0.561661 0.0154567 0.0213863
4 0.488192 0.164412 0.00924721 0.00682311
