0 0.791169 0.468139 0.133966 0.191313
4 0.414476 0.238914 0.0976627 0.143014
3 0.107852 0.585217 0.0430389 0.0533787
3 0.150393 0.249106 0.0366488 0.0452598
4 0.503703 0.70395 0.0566141 0.137033
4 0.577939 0.595812 0.0355223 0.0357651
4 0.372843 0.749359 0.162202 0.209125
3 0.52084 0.860066 0.0350943 0.0215841
3 0.0620878 0.599886 0.0572944 0.0984145
4 0.629203 0.599832 0.0177061 0.0237707
4 0.107704 0.4041 0.0544064 0.0740196
4 0.265159 0.418484 0.0525999 0.0575276
3 0.576172 0.877732 0.0473526 0.0577091
4 0.205468 0.731428 0.0226135 0.0310766
4 0.101655 0.476854 0.072244 0.0637855
4 0.555589 0.243574 0.0604146 0.145869
4 0.653558 0.618329 0.0204268 0.0232533
4 0.184461 0.53067 0.0137479 0.0142058
4 0.160867 0.503878 0.0228934 0.0282553
4 0.165137 0.53828 0.0198435 0.0256692
4 0.281583 0.382163 0.0133871 0.0169052
4 0.232701 0.725581 0.0223723 0.0348034
4 0.520863 0.564689 0.0253742 0.0209944
4 0.652702 0.687245 0.0270978 0.0350592
4 0.406193 0.224851 0.114178 0.177727
4 0.192457 0.447333 0.0588324 0.0897194
4 0.323014 0.913442 0.0303637 0.0312309
4 0.484903 0.158136 0.0452322 0.0742657
4 0.483163 0.145293 0.0474445 0.101254
4 0.283782 0.341602 0.0331469 0.0590483
4 0.122926 0.299657 0.0211936 0.0341465
4 0.590837 0.9576 0.0105903 0.0111526
4 0.149731 0.386915 0.0236558 0.0262991
4 0.0441194 0.428717 0.0145605 0.0181459
4 0.89128 0.492851 0.0272545 0.0196352
3 0.148359 0.257731 0.0375729 0.0390051
4 0.557614 0.423775 0.0175523 0.0367661
4 0.0809393 0.505505 0.017329 0.0222891
4 0.513603 0.292856 0.0615754 0.207471
4 0.465112 0.520646 0.122557 0.200951
4 0.264991 0.369222 0.0136868 0.015736
4 0.494086 0.825516 0.0508955 0.035099
4 0.266803 0.804349 0.0212749 0.0181225
4 0.806073 0.827964 0.00715008 0.00861931
4 0.905504 0.595092 0.018107 0.0345005
4 0.600116 0.673686 0.063669 0.107631
4 0.233708 0.771841 0.0142147 0.0141745
4 0.606897 0.694567 0.0412506 0.0492216
4 0.505424 0.741417 0.0312653 0.0289459
4 0.550235 0.667821 0.0148771 0.0169624
4 0.230862 0.372376 0.0394799 0.0639852
4 0.519391 0.742573 0.0210096 0.0292733
4 0.368152 0.857813 0.0102797 0.0117424
4 0.337702 0.538924 0.159024 0.189858
3 0.109926 0.657875 0.0229279 0.0212875
4 0.48524 0.863869 0.0263433 0.0237381
4 0.34114 0.726538 0.17784 0.229985
4 0.21404 0.764449 0.0156085 0.0205565
4 0.183442 0.667352 0.0542067 0.0448513
4 0.316887 0.421803 0.0163694 0.022741
4 0.498718 0.741036 0.0168121 0.0249933
4 0.551278 0.791903 0.0197655 0.0228806
4 0.291724 0.359049 0.0225758 0.0258752
4 0.632049 0.73513 0.0146643 0.0172095
4 0.555966 0.589035 0.0154131 0.0253247
4 0.6559 0.690875 0.0261999 0.0379434
4 0.455073 0.911163 0.0116827 0.013797
4 0.427083 0.174233 0.0568777 0.0763178
4 0.647295 0.708043 0.0116162 0.0226849
4 0.144757 0.307703 0.0162875 0.0214945
4 0.719052 0.705949 0.0064146 0.00948753
4 0.303967 0.929153 0.0111527 0.0176716
4 0.423158 0.248599 0.0815254 0.119976
3 0.52299 0.859043 0.0409635 0.0280926
4 0.185157 0.749629 0.0127851 0.0167124
4 0.940949 0.349564 0.0135357 0.0233007
4 0.546459 0.136189 0.020472 0.0473261
4 0.421569 0.893918 0.0110085 0.0139759
4 0.307265 0.706352 0.15375 0.252174
5 0.713543 0.0662891 0.0276545 0.0358788
4 0.48837 0.345647 0.0243705 0.0295283
3 0.948592 0.462601 0.017963 0.0324619
4 0.255283 0.831884 0.010898 0.0125412
4 0.533268 0.801316 0.0135619 0.0182798
4 0.243404 0.80764 0.0098496 0.0104757
4 0.889211 0.565434 0.0190546 0.0163074
4 0.720524 0.770468 0.0101654 0.023428
4 0.54705 0.814067 0.0164267 0.0223911
4 0.603073 0.397721 0.0115015 0.0198694
4 0.318075 0.0923861 0.0131149 0.0145738
4 0.298379 0.897314 0.0158962 0.023254
4 0.460234 0.332837 0.0133248 0.0224686
4 0.582458 0.737659 0.0198077 0.0271448
4 0.555215 0.744782 0.0185402 0.0283304
4 0.228789 0.385825 0.026302 0.0313445
4 0.888321 0.547635 0.0137699 0.0167275
4 0.366498 0.877328 0.0188021 0.0152275
4 0.467698 0.3361 0.0246517 0.0272446
4 0.605311 0.595584 0.015626 0.0136922
4 0.548787 0.796999 0.0260666 0.0330545
4 0.606526 0.360928 0.0153183 0.0233976
4 0.544026 0.570509 0.00943527 0.00941944
4 0.694436 0.772618 0.00980692 0.0139093
4 0.572208 0.737887 0.0231731 0.0413057
4 0.905893 0.55186 0.016398 0.0171946
4 0.26664 0.772682 0.0304006 0.0389493
4 0.548417 0.743116 0.0183904 0.0262743
4 0.211056 0.180862 0.0153386 0.0153298
4 0.220628 0.671912 0.0288566 0.0466663
4 0.460827 0.884153 0.0117811 0.0130621
4 0.473873 0.906281 0.0130798 0.0163342
4 0.570855 0.211151 0.033998 0.0708987
3 0.780066 0.877326 0.0192142 0.0249382
4 0.605209 0.757146 0.0189303 0.0392015
4 0.52223 0.443013 0.0242721 0.0174746
4 0.585657 0.416914 0.0151396 0.0205148
4 0.977728 0.485097 0.00899334 0.013554
4 0.46287 0.333876 0.0192844 0.0240216
4 0.198307 0.391639 0.0137513 0.0164604
4 0.290004 0.368079 0.0260093 0.0381477
4 0.653864 0.65682 0.0256042 0.0286617
4 0.060593 0.439878 0.0158782 0.0181913
4 0.346876 0.888313 0.0177689 0.0151859
4 0.400257 0.708227 0.0548923 0.0818447
4 0.664795 0.658591 0.0147433 0.0246168
4 0.19577 0.572962 0.0209239 0.0223187
4 0.626531 0.598809 0.0217194 0.0267367
4 0.916975 0.571294 0.0116001 0.0203097
4 0.654318 0.668293 0.030858 0.0443304
4 0.535261 0.602721 0.0168381 0.0149208
4 0.514732 0.791826 0.0137549 0.016769
4 0.599662 0.751885 0.0387118 0.0523364
4 0.500895 0.823618 0.0381599 0.0302816
4 0.229611 0.420117 0.0184635 0.0178528
4 0.386426 0.102924 0.0132288 0.0153443
4 0.150887 0.44198 0.0161457 0.0253645
4 0.294591 0.377334 0.0138081 0.0191682
4 0.227943 0.379744 0.0332407 0.0481139
4 0.45894 0.591318 0.0407629 0.0389143
4 0.886362 0.565614 0.0241331 0.0183996
4 0.0604085 0.441947 0.012978 0.0210503
4 0.433405 0.905767 0.00990105 0.0131042
4 0.60263 0.754426 0.0270915 0.047958
4 0.438067 0.804446 0.171451 0.104062
4 0.40649 0.928078 0.0267205 0.0237862
4 0.941388 0.573045 0.0117416 0.0151047
4 0.620184 0.660735 0.0126531 0.0141577
4 0.507754 0.39065 0.0105621 0.0173889
4 0.584413 0.767844 0.0126701 0.0131281
3 0.665592 0.367084 0.0118254 0.008534
4 0.51214 0.327998 0.0625099 0.132192
4 0.540119 0.848227 0.0235102 0.0298771
4 0.425658 0.441189 0.0135292 0.0199299
4 0.583039 0.383323 0.00925055 0.0140727
4 0.186623 0.673127 0.0606502 0.0573706
4 0.50285 0.685008 0.052842 0.0852875
4 0.188856 0.679119 0.0255237 0.0323042
