0 0.781958 0.34297 0.135522 0.185376
4 0.436966 0.371392 0.0730192 0.0889538
3 0.217227 0.142268 0.0358432 0.045986
4 0.567285 0.266108 0.0128612 0.0200713
4 0.340056 0.792631 0.009236 0.00822172
4 0.554273 0.105129 0.00912876 0.00929625
4 0.37223 0.19978 0.0211398 0.0204439
4 0.27953 0.344437 0.0231856 0.0227199
4 0.630262 0.498115 0.00868073 0.0130224
4 0.593255 0.206791 0.00687809 0.00780272
4 0.454467 0.102094 0.0206524 0.0449785
4 0.376155 0.233893 0.0128414 0.0125525
4 0.296931 0.379646 0.0240885 0.0174324
4 0.441199 0.137892 0.0351762 0.0405679
4 0.542436 0.244595 0.0170353 0.039045
4 0.127579 0.365408 0.0296175 0.0263856
4 0.555764 0.231644 0.00999165 0.0104216
4 0.443637 0.241376 0.0072979 0.0101079
4 0.493683 0.161982 0.0165665 0.0239613
4 0.667504 0.53108 0.0100307 0.010951
4 0.432538 0.149661 0.0200774 0.0231431
4 0.20503 0.434327 0.035054 0.0428734
4 0.195588 0.4022 0.00805297 0.0174453
4 0.544355 0.367903 0.00541115 0.00677509
4 0.432454 0.204433 0.0108547 0.017694
1 0.46215 0.349427 0.255528 0.274695
4 0.346387 0.128773 0.00855665 0.0109903
4 0.257826 0.402055 0.0126213 0.0180622
4 0.493621 0.349471 0.0443237 0.079769
4 0.230385 0.542695 0.00713286 0.00903893
4 0.689415 0.193022 0.0156938 0.0217472
4 0.257247 0.457025 0.00898924 0.0142315
4 0.320118 0.352828 0.0152791 0.013916
4 0.615443 0.507381 0.00857782 0.00900669
4 0.366922 0.256141 0.00667386 0.00954909
4 0.492498 0.355042 0.0451553 0.110086
4 0.454942 0.158337 0.00977173 0.0117918
4 0.547845 0.192291 0.01781 0.0173164
4 0.355587 0.556075 0.00677357 0.00782471
4 0.28411 0.183458 0.00807915 0.0084415
4 0.273836 0.416959 0.013599 0.0117229
4 0.658652 0.466624 0.0113963 0.0119486
4 0.428878 0.664025 0.0105261 0.0172974
4 0.257582 0.485866 0.0110364 0.0171979
4 0.122878 0.280703 0.0148294 0.0161339
4 0.609004 0.461522 0.0133028 0.0149155
4 0.285914 0.538815 0.00931854 0.0119256
4 0.767686 0.103967 0.00694675 0.00938427
4 0.258225 0.36774 0.0195692 0.0204184
4 0.267343 0.443352 0.00808711 0.0091135
4 0.558158 0.201103 0.0103471 0.0188035
4 0.295108 0.14773 0.00884695 0.0122844
4 0.295768 0.418383 0.0108366 0.0110376
4 0.455433 0.253903 0.0073698 0.0110374
4 0.475635 0.145519 0.0138988 0.0165544
4 0.10532 0.378995 0.0097312 0.010327
4 0.492438 0.1316 0.00941982 0.0130519
4 0.53327 0.140915 0.0124107 0.0132943
4 0.415737 0.129122 0.0122789 0.0180588
4 0.180297 0.385617 0.0127511 0.0264032
4 0.505515 0.206352 0.00956936 0.0110107
4 0.596275 0.472576 0.0103836 0.0152678
4 0.195786 0.445691 0.0176439 0.0224467
4 0.489958 0.0968655 0.00957966 0.0170005
4 0.295603 0.619999 0.00712414 0.00796299
4 0.531803 0.380223 0.00606232 0.00803127
4 0.421533 0.252869 0.0112841 0.0191564
4 0.418786 0.0910117 0.00966415 0.00976274
4 0.319441 0.331074 0.0140314 0.0174199
3 0.676977 0.618955 0.0119511 0.0129465
4 0.192159 0.344861 0.0116834 0.0120943
4 0.215759 0.754916 0.00891457 0.00863304
4 0.238145 0.690754 0.0129724 0.0151129
4 0.443084 0.131317 0.0301245 0.0268847
4 0.593441 0.45375 0.00802422 0.0132011
4 0.645782 0.443893 0.00847588 0.0102602
4 0.471029 0.120274 0.0118423 0.017092
4 0.395692 0.331178 0.0094245 0.0203128
4 0.570155 0.490913 0.0115402 0.0110065
4 0.503129 0.241158 0.0202278 0.0297915
4 0.193621 0.679071 0.00556822 0.00787849
4 0.14684 0.323153 0.0134943 0.0182622
3 0.443452 0.928826 0.015616 0.0196941
4 0.268438 0.383946 0.00859609 0.00827684
4 0.231389 0.351883 0.00718451 0.0108544
4 0.307548 0.5693 0.0100379 0.011417
4 0.159399 0.394608 0.00991454 0.0142092
4 0.36992 0.0456569 0.00926313 0.0168266
4 0.593465 0.328473 0.0116932 0.0223698
4 0.760888 0.134735 0.0107984 0.00974975
4 0.694727 0.214496 0.0128267 0.0126386
4 0.303305 0.791908 0.00783238 0.00847177
4 0.655375 0.454628 0.0119831 0.0189198
3 0.458033 0.959185 0.0277823 0.0273682
4 0.140388 0.295899 0.0111114 0.012045
4 0.170572 0.337399 0.0129313 0.0160061
4 0.326357 0.565114 0.0110993 0.0141067
4 0.309288 0.195802 0.00935469 0.0117835
4 0.511489 0.169999 0.0167751 0.0160239
4 0.407043 0.107532 0.0110628 0.0130959
3 0.401392 0.0812806 0.0122721 0.0113196
4 0.245254 0.419414 0.00861959 0.0134528
4 0.202485 0.352768 0.00989451 0.0132203
4 0.333015 0.0555282 0.0105998 0.0126342
4 0.593681 0.320568 0.0101549 0.0113407
4 0.292526 0.568829 0.00959663 0.0122053
4 0.55207 0.173226 0.0119308 0.0168017
4 0.257711 0.104587 0.00943747 0.00998726
4 0.453893 0.107385 0.0247622 0.0576523
3 0.542093 0.773566 0.0158073 0.0257782
4 0.18042 0.379069 0.0258727 0.0425548
3 0.541868 0.587037 0.0231003 0.0281012
4 0.240975 0.471691 0.00922699 0.0127742
4 0.513827 0.171747 0.0142618 0.0123543
4 0.57991 0.535985 0.0140806 0.0160742
4 0.0901266 0.36259 0.0102822 0.0114041
4 0.590719 0.272586 0.00891514 0.0130127
4 0.26352 0.834549 0.00807858 0.0124184
4 0.257865 0.253611 0.0104072 0.0161083
4 0.228797 0.33454 0.0133437 0.0189107
4 0.43867 0.154966 0.0136225 0.0171112
4 0.360573 0.0365532 0.022618 0.0320198
4 0.255121 0.743099 0.00650587 0.00722446
3 0.357063 0.649565 0.0162117 0.022349
4 0.228076 0.482328 0.00868854 0.0143892
4 0.782907 0.1415 0.00998325 0.00911899
4 0.295679 0.397067 0.0149704 0.0143858
4 0.30534 0.553993 0.0112247 0.0115265
4 0.303759 0.502391 0.0132712 0.015963
1 0.467627 0.398871 0.244213 0.271865
4 0.239547 0.692237 0.0129078 0.0176651
4 0.566295 0.264969 0.0164316 0.0247969
4 0.141093 0.302852 0.0132296 0.0213014
3 0.636857 0.66985 0.0148287 0.019611
4 0.680859 0.531874 0.0090929 0.0122233
4 0.221279 0.456616 0.00839491 0.0141279
4 0.242696 0.507109 0.00680656 0.00943165
4 0.481116 0.242124 0.00941257 0.0118785
1 0.294358 0.397486 0.211553 0.207587
4 0.285427 0.184334 0.0100579 0.0114822
4 0.22045 0.336711 0.0183311 0.0222286
4 0.403774 0.316533 0.00994558 0.0108363
4 0.5078 0.310983 0.019632 0.0175472
4 0.532421 0.172069 0.0092185 0.0106498
4 0.151562 0.323336 0.0145026 0.0176092
4 0.460409 0.0662751 0.0110377 0.0124223
4 0.32029 0.535979 0.0142094 0.0138866
4 0.39007 0.283745 0.00934029 0.0100835
4 0.596472 0.474752 0.0125206 0.0183444
4 0.162235 0.410681 0.00722182 0.0100452
4 0.26137 0.366382 0.0181362 0.0165121
4 0.640398 0.468233 0.0105869 0.0117506
3 0.578567 0.644012 0.0149748 0.0211437
4 0.222176 0.105004 0.0104205 0.00939593
4 0.505095 0.591536 0.00820141 0.00840969
4 0.338923 0.364046 0.0082427 0.00884395
