4 0.217579 0.424189 0.0724666 0.143752
4 0.433735 0.484253 0.127742 0.159859
0 0.763289 0.511609 0.115404 0.164039
4 0.410555 0.355168 0.0233378 0.039164
4 0.261207 0.707821 0.0375672 0.064756
4 0.313444 0.773051 0.0245741 0.0381169
3 0.948038 0.430492 0.0524353 0.0314507
4 0.158586 0.726149 0.0424576 0.0540308
4 0.21151 0.769593 0.0658042 0.0789537
4 0.120345 0.587323 0.0464496 0.0396923
4 0.43204 0.194685 0.0176115 0.0325433
4 0.433232 0.653972 0.0158051 0.0258023
4 0.396512 0.77369 0.0203194 0.028064
4 0.116467 0.690333 0.0385872 0.0773815
4 0.426332 0.8669 0.0290268 0.0482681
4 0.287431 0.758221 0.0314699 0.0505555
4 0.59094 0.15957 0.00924234 0.0120234
4 0.520203 0.105999 0.0115977 0.019553
4 0.486788 0.287475 0.0111219 0.0152343
4 0.434052 0.201433 0.0163475 0.0378593
4 0.260968 0.7648 0.0138659 0.0171944
4 0.0942536 0.503132 0.0217427 0.0321259
4 0.0224552 0.515828 0.0413937 0.0430516
4 0.561781 0.287752 0.0121115 0.0177372
4 0.258205 0.582754 0.0107605 0.0135563
4 0.50365 0.743545 0.00960312 0.0170714
4 0.413577 0.791499 0.0220051 0.0207033
4 0.880826 0.450708 0.010745 0.0186045
4 0.480369 0.153598 0.015102 0.0166689
4 0.6329 0.608916 0.0343337 0.0468044
4 0.507212 0.0673616 0.013283 0.0157662
4 0.471209 0.206299 0.0726555 0.0809407
4 0.133948 0.382797 0.0131662 0.0170415
4 0.52028 0.0189745 0.0110119 0.0134083
4 0.352134 0.779779 0.0179464 0.0194425
4 0.481324 0.0476583 0.0170135 0.0182416
4 0.435086 0.205539 0.017326 0.0284091
4 0.411982 0.837612 0.0114903 0.0127815
4 0.514199 0.361573 0.0105391 0.0115357
4 0.427129 0.299137 0.016032 0.043038
4 0.0881735 0.423937 0.0184837 0.0241195
3 0.278769 0.318835 0.0327457 0.0316585
1 0.266443 0.63175 0.268256 0.2452
4 0.0948562 0.571783 0.0134928 0.0177442
4 0.383709 0.301459 0.0155274 0.02195
4 0.376646 0.784857 0.015007 0.0144653
4 0.54201 0.0443976 0.0147408 0.0166052
4 0.467908 0.0224573 0.0165646 0.0156589
4 0.417286 0.158264 0.0167293 0.0159809
4 0.32725 0.739133 0.0277925 0.0211512
4 0.483552 0.65526 0.0129179 0.0167618
4 0.343714 0.492462 0.00894351 0.0101624
3 0.339031 0.282612 0.0521103 0.0448744
4 0.629966 0.0481162 0.0128378 0.0211974
4 0.335282 0.621386 0.0264624 0.0531801
4 0.454628 0.167854 0.00802965 0.0107474
4 0.589468 0.160039 0.0111856 0.0131765
4 0.347206 0.0649132 0.0136705 0.0127861
4 0.0766553 0.390726 0.011477 0.0180727
4 0.414399 0.299252 0.0436695 0.0497863
4 0.17796 0.560671 0.0187215 0.022756
4 0.419204 0.287532 0.0603811 0.0770423
3 0.832488 0.163267 0.0273518 0.0313972
4 0.0810851 0.533915 0.0240525 0.0278087
4 0.528474 0.0851641 0.00991602 0.0158691
4 0.30145 0.509861 0.0114737 0.0175362
4 0.544291 0.0296127 0.0156364 0.0245512
4 0.0966687 0.544928 0.0118452 0.0251148
4 0.450814 0.261925 0.023436 0.0382694
4 0.286378 0.500607 0.0179326 0.0478966
4 0.420993 0.0923651 0.0138578 0.0125588
4 0.5147 0.360493 0.0126202 0.0138367
4 0.559171 0.68146 0.0152769 0.0185072
4 0.426298 0.703725 0.0167721 0.0265005
4 0.483152 0.225625 0.0161258 0.0271541
4 0.664576 0.0377661 0.0153719 0.0183175
4 0.458185 0.0661871 0.010352 0.0176373
4 0.367016 0.0816635 0.0215355 0.0314471
4 0.152227 0.36284 0.019907 0.0316097
4 0.577845 0.0407972 0.0104099 0.0118337
4 0.122554 0.395581 0.0132614 0.0215961
4 0.156172 0.403564 0.00889175 0.0107863
3 0.316561 0.327489 0.0190544 0.0183148
4 0.0566193 0.542061 0.0134816 0.0174759
4 0.269555 0.457482 0.0124225 0.0125513
4 0.157226 0.731601 0.0343643 0.0646181
4 0.370855 0.0540954 0.0115878 0.0135951
4 0.458099 0.0979655 0.0116179 0.0199734
4 0.268257 0.542259 0.0125683 0.0123159
4 0.530384 0.00635285 0.01063 0.0115897
4 0.304264 0.809358 0.0102901 0.022827
4 0.117792 0.38461 0.00827937 0.0103401
4 0.290909 0.502308 0.0260288 0.0488325
4 0.26641 0.429398 0.0175176 0.0211966
4 0.311767 0.768534 0.0283822 0.0458053
4 0.386836 0.613194 0.00703917 0.00777388
4 0.0402301 0.588309 0.0107607 0.0136138
4 0.372375 0.653407 0.00963573 0.0142268
4 0.417189 0.164894 0.020833 0.0282296
4 0.126609 0.419843 0.0106289 0.0170542
4 0.466641 0.667203 0.0083353 0.0154928
4 0.339726 0.630362 0.0159093 0.0317677
4 0.471723 0.100484 0.0162834 0.0233391
4 0.527224 0.0311949 0.0164776 0.0293375
4 0.387855 0.47927 0.0314686 0.0521578
4 0.399233 0.77609 0.0275947 0.0392902
4 0.416623 0.16096 0.0166893 0.0178272
4 0.948185 0.341611 0.0109724 0.0163523
4 0.161982 0.754996 0.0139814 0.0205184
4 0.688909 0.0583587 0.0152755 0.0187665
4 0.48461 0.119888 0.0115492 0.0186425
4 0.0914107 0.459263 0.0102065 0.0101761
4 0.161646 0.75077 0.0212018 0.0285742
3 0.832632 0.168689 0.0207134 0.0228615
1 0.339316 0.55887 0.312688 0.327899
4 0.404044 0.255106 0.00827713 0.0102767
4 0.658714 0.0374986 0.0265457 0.025736
4 0.562796 0.682493 0.0152735 0.0223955
4 0.68932 0.0565303 0.0200403 0.0257985
4 0.255981 0.534289 0.00986986 0.0107219
4 0.147013 0.438286 0.01267 0.0133166
4 0.503221 0.0997097 0.0147793 0.0306978
