0 0.0850318 0.335462 0.14371 0.194911
3 0.814531 0.406441 0.0182652 0.0251135
4 0.250585 0.297087 0.0368606 0.0290131
4 0.50556 0.414392 0.252897 0.258251
4 0.659047 0.529011 0.0302231 0.0450253
4 0.255239 0.224537 0.0316108 0.0511175
3 0.626746 0.800412 0.0477949 0.0303682
3 0.649737 0.118114 0.0229745 0.0219321
4 0.186778 0.438284 0.0113865 0.0141144
4 0.647527 0.235314 0.0209007 0.0341108
4 0.626102 0.529125 0.0334843 0.0456532
3 0.816299 0.409069 0.0240534 0.0308182
4 0.679603 0.213 0.0276133 0.0333967
4 0.358214 0.241986 0.0355124 0.0381851
4 0.387453 0.546141 0.020128 0.0368193
3 0.85809 0.292017 0.0223286 0.0193154
3 0.559271 0.176181 0.0591087 0.0452899
3 0.834123 0.414827 0.0204556 0.0193436
4 0.228478 0.517939 0.0363533 0.0401281
4 0.316803 0.237665 0.0130861 0.0189377
4 0.38901 0.083886 0.034045 0.0367734
4 0.488761 0.588943 0.0369133 0.0320244
4 0.505395 0.649684 0.01502 0.01917
4 0.581118 0.266498 0.0487198 0.0381743
4 0.203763 0.433673 0.0144395 0.0225721
4 0.197413 0.382677 0.0184997 0.0201349
4 0.818791 0.179884 0.00978546 0.0120667
4 0.447037 0.242583 0.0190058 0.0181608
4 0.519223 0.140138 0.0206163 0.0357929
4 0.486418 0.0481519 0.0285505 0.0261865
4 0.692249 0.557273 0.0133438 0.0134295
3 0.668359 0.130353 0.0108284 0.0121137
4 0.421847 0.263616 0.0153456 0.020911
3 0.599731 0.572777 0.0281322 0.0275948
4 0.80553 0.311267 0.0221878 0.0361169
4 0.546413 0.119751 0.0196373 0.0216001
4 0.796015 0.320679 0.0109118 0.0170471
3 0.19901 0.640381 0.0186237 0.0254179
4 0.39061 0.0849942 0.0220767 0.032037
3 0.620263 0.321978 0.0118399 0.0181254
4 0.563446 0.101886 0.0136559 0.0175336
4 0.518899 0.222545 0.0409545 0.0747134
4 0.855468 0.425616 0.0123905 0.01717
4 0.632404 0.254204 0.0098938 0.00958982
4 0.380181 0.492237 0.00921755 0.0112654
3 0.711833 0.376451 0.0259792 0.0232506
3 0.728471 0.172767 0.0158331 0.0149197
4 0.350258 0.0609129 0.019422 0.0163485
4 0.737057 0.482967 0.0266932 0.0251208
3 0.686733 0.10766 0.0165705 0.0171731
4 0.637604 0.708489 0.0198531 0.0294331
4 0.408642 0.248669 0.015697 0.0168722
4 0.415613 0.320741 0.0104586 0.0142878
1 0.522779 0.451829 0.307237 0.301753
3 0.646071 0.365638 0.00965891 0.0109671
3 0.861478 0.291082 0.0173546 0.017885
4 0.647389 0.681495 0.0118014 0.0198243
4 0.775615 0.479652 0.0214435 0.0199484
4 0.665899 0.59378 0.0361004 0.0480185
4 0.37289 0.269072 0.0293746 0.0274456
4 0.528727 0.0920955 0.0291412 0.033602
4 0.511904 0.264432 0.00979204 0.00986309
4 0.460417 0.575625 0.0222086 0.0318624
4 0.619435 0.106967 0.00543213 0.00721073
4 0.66753 0.60453 0.0416771 0.0715229
4 0.432074 0.319145 0.0115358 0.0159085
4 0.804249 0.265858 0.0122112 0.0126116
4 0.195225 0.404073 0.0121512 0.0187842
4 0.491406 0.0818074 0.0135716 0.0120263
4 0.489131 0.56101 0.0105085 0.00842667
3 0.715 0.374652 0.0205647 0.0174539
4 0.406583 0.65681 0.00749474 0.00756407
4 0.460813 0.022708 0.0152296 0.0175965
4 0.833446 0.539383 0.00893898 0.0149339
4 0.814618 0.494694 0.0214638 0.0309019
4 0.731986 0.486845 0.0159537 0.0192181
4 0.796413 0.471326 0.0267477 0.028343
4 0.331385 0.671282 0.0248159 0.0278476
4 0.369492 0.0925032 0.0190585 0.0332044
4 0.568551 0.694059 0.00657864 0.00723171
4 0.332789 0.055326 0.00728865 0.00769775
4 0.504347 0.653126 0.0186823 0.0269123
4 0.346302 0.0855382 0.0164921 0.0171579
4 0.385707 0.117743 0.0152889 0.0125727
4 0.678455 0.630257 0.0315242 0.0391998
4 0.0535268 0.641029 0.00926424 0.011223
4 0.333687 0.163631 0.0259518 0.0358666
4 0.405885 0.733873 0.00745316 0.00978146
4 0.713704 0.56745 0.019906 0.0174
3 0.825121 0.412903 0.0380062 0.0259763
4 0.768533 0.459106 0.00794277 0.0106592
3 0.74903 0.373929 0.0157112 0.0188139
4 0.526831 0.687833 0.0177883 0.0174273
4 0.203767 0.454358 0.01542 0.0191944
4 0.871718 0.217399 0.0190027 0.0171157
4 0.402997 0.0824004 0.0255875 0.0297146
4 0.68343 0.658911 0.0136241 0.0119072
4 0.319677 0.57104 0.00822964 0.00978088
4 0.79495 0.298232 0.0138798 0.0134721
4 0.344108 0.647533 0.0124521 0.0136733
4 0.844949 0.554869 0.00698395 0.010697
4 0.370239 0.275745 0.0260119 0.0224252
4 0.419485 0.345855 0.0152973 0.0183373
4 0.205004 0.356637 0.0141416 0.0169966
4 0.230717 0.341151 0.0202546 0.0291699
4 0.679001 0.502686 0.0136629 0.0272762
4 0.551993 0.0812185 0.0126331 0.0155262
4 0.506669 0.226465 0.0625975 0.0819202
4 0.520815 0.713533 0.0105206 0.0167933
3 0.671766 0.395355 0.0135511 0.0138942
4 0.342782 0.651292 0.0130012 0.0183943
4 0.49388 0.118392 0.0104531 0.0132719
4 0.673724 0.611124 0.0403393 0.0787447
4 0.337213 0.16152 0.0222259 0.032885
3 0.59971 0.697761 0.0159594 0.0164849
4 0.88245 0.224649 0.0157578 0.0235303
4 0.252519 0.544446 0.00973864 0.0146093
4 0.220804 0.482244 0.00725441 0.00890694
4 0.30833 0.285247 0.0131378 0.0122251
4 0.508409 0.140622 0.0194872 0.0315423
4 0.49471 0.248147 0.0284647 0.0354662
3 0.713543 0.20088 0.0133965 0.0159678
4 0.490008 0.56003 0.0114865 0.0131918
4 0.520234 0.665853 0.00748749 0.0129898
4 0.870013 0.340022 0.0112432 0.0104203
4 0.846636 0.366762 0.0141911 0.0111055
4 0.684181 0.634801 0.0200876 0.0266077
4 0.358444 0.154583 0.0158475 0.0153055
4 0.562826 0.762375 0.00991917 0.00978031
4 0.392707 0.234227 0.0270364 0.0214441
4 0.479875 0.643552 0.00934076 0.00937347
4 0.587352 0.266645 0.0372875 0.0353773
4 0.859614 0.360149 0.0133183 0.0212207
4 0.581929 0.706287 0.0071826 0.00750122
4 0.301704 0.595176 0.012858 0.0167667
3 0.703954 0.28578 0.0114851 0.0145702
3 0.206186 0.327678 0.0196155 0.0215204
4 0.845637 0.38214 0.0140999 0.00981302
4 0.805014 0.475523 0.0148693 0.0209612
4 0.751367 0.58531 0.0171443 0.019816
3 0.204815 0.321614 0.0265019 0.0342998
4 0.349427 0.248936 0.0231692 0.022923
4 0.718021 0.555938 0.0253534 0.0254457
3 0.747715 0.330439 0.0120373 0.0138059
4 0.794955 0.465914 0.0296043 0.0400215
4 0.875223 0.222208 0.025366 0.0269333
4 0.219298 0.358434 0.0102998 0.0184682
4 0.362257 0.246505 0.0425565 0.0500297
4 0.588903 0.613034 0.00877867 0.00879927
4 0.666719 0.677941 0.0101826 0.0117495
4 0.80435 0.30584 0.0238281 0.030036
3 0.726662 0.173156 0.021095 0.0172648
4 0.436358 0.215309 0.00733547 0.00877981
4 0.490001 0.600652 0.0349205 0.0450901
4 0.813856 0.162039 0.0109219 0.0117236
4 0.822651 0.271158 0.0155987 0.0182748
4 0.277812 0.268987 0.0268353 0.0160913
4 0.493013 0.127733 0.0133308 0.0296264
4 0.327279 0.672386 0.021067 0.0284729
4 0.263494 0.226755 0.0215461 0.0548168
3 0.725388 0.291766 0.015741 0.0194737
4 0.300433 0.25216 0.0179335 0.0195079
4 0.347625 0.0903807 0.0186259 0.0245147
4 0.629804 0.670678 0.00781231 0.0106309
4 0.283252 0.152481 0.0194498 0.0164675
4 0.324382 0.119476 0.0128747 0.0179244
