3 0.814531 0.406441 0.0182652 0.0251135
4 0.250646 0.297061 0.0367904 0.0288318
4 0.505665 0.414369 0.252686 0.258239
4 0.659047 0.529011 0.0302233 0.0450254
4 0.255144 0.224659 0.03183 0.0512616
3 0.626747 0.800412 0.0477946 0.0303682
3 0.649737 0.118114 0.022974 0.021931
4 0.187042 0.438293 0.011915 0.0147264
4 0.647526 0.235314 0.0209005 0.0341103
4 0.626102 0.529126 0.0334864 0.0456545
3 0.816299 0.409069 0.0240536 0.0308182
4 0.679603 0.213 0.0276133 0.0333968
4 0.358154 0.242079 0.0359366 0.0384856
4 0.387451 0.546149 0.0201057 0.0368128
3 0.85809 0.292017 0.0223286 0.0193154
3 0.559271 0.176183 0.0591153 0.0452932
4 0.228478 0.517989 0.036344 0.0401611
3 0.834123 0.414827 0.0204556 0.0193436
4 0.389244 0.0838643 0.0345691 0.0368671
4 0.488763 0.588941 0.0368968 0.0320055
4 0.316805 0.23768 0.0131131 0.0189545
4 0.505395 0.649683 0.0150074 0.019158
4 0.581117 0.266498 0.0487108 0.0381704
4 0.818791 0.179884 0.00978546 0.0120667
4 0.447037 0.242586 0.0190082 0.0181778
4 0.519219 0.140137 0.0206141 0.0357958
4 0.486409 0.0481476 0.0285219 0.0261636
4 0.692249 0.557273 0.013344 0.0134296
3 0.668359 0.130353 0.0108286 0.0121138
4 0.421846 0.263618 0.0153745 0.0209513
4 0.203805 0.433642 0.0143622 0.0225227
3 0.599732 0.572776 0.0281309 0.0275914
4 0.80553 0.311267 0.0221878 0.0361169
4 0.3905 0.0848847 0.02255 0.0323279
4 0.546412 0.11975 0.0196369 0.0215967
4 0.796015 0.320679 0.0109118 0.0170471
3 0.198995 0.640339 0.0186141 0.025441
3 0.620263 0.321978 0.0118397 0.0181262
4 0.563447 0.101885 0.0136526 0.0175319
4 0.518834 0.222561 0.041094 0.0747556
4 0.855468 0.425616 0.0123905 0.01717
4 0.380176 0.492233 0.00922375 0.0112793
4 0.632404 0.254204 0.00989246 0.00958815
4 0.197627 0.382504 0.0186677 0.0208898
3 0.711833 0.376451 0.0259792 0.0232507
3 0.728471 0.172767 0.0158331 0.0149197
4 0.737057 0.482967 0.0266932 0.0251208
3 0.686733 0.10766 0.0165707 0.0171732
4 0.637604 0.708489 0.0198526 0.0294327
4 0.408652 0.248687 0.0157391 0.0169274
1 0.52453 0.451789 0.304902 0.301674
3 0.204558 0.321845 0.0272549 0.0362146
4 0.415606 0.320753 0.0104698 0.0142927
3 0.646071 0.365638 0.00965881 0.010967
3 0.861478 0.291082 0.0173546 0.017885
4 0.647389 0.681495 0.0118014 0.0198242
4 0.775615 0.479652 0.0214435 0.0199484
4 0.665899 0.59378 0.0361006 0.0480186
4 0.350237 0.0608949 0.0193856 0.0163662
4 0.372885 0.269278 0.0295821 0.027932
4 0.460403 0.575619 0.0221794 0.031835
4 0.528727 0.0920943 0.0291477 0.0336125
4 0.51189 0.264413 0.00975666 0.00981741
4 0.619435 0.106967 0.00543156 0.00720994
4 0.66753 0.604531 0.0416776 0.0715246
4 0.432082 0.319173 0.0115255 0.0159513
4 0.804249 0.265858 0.0122112 0.0126116
4 0.489134 0.561005 0.0104807 0.00842237
3 0.715 0.374653 0.0205647 0.0174539
4 0.491417 0.0818026 0.013583 0.0120195
4 0.406589 0.656812 0.0074832 0.007547
4 0.833446 0.539383 0.00893898 0.0149339
4 0.814618 0.494694 0.0214638 0.0309019
4 0.731986 0.486845 0.0159537 0.019218
4 0.460819 0.0227089 0.0152197 0.0175965
4 0.796413 0.471326 0.0267477 0.028343
4 0.331423 0.671249 0.0246923 0.0277361
4 0.0534995 0.641031 0.00925928 0.0112988
4 0.568551 0.694059 0.00657711 0.00722771
4 0.504349 0.653129 0.0186674 0.0269037
4 0.369522 0.0925473 0.0189781 0.0331129
4 0.38573 0.117758 0.0152894 0.0125765
4 0.678455 0.630257 0.0315247 0.0392
4 0.195363 0.404002 0.0122796 0.0191522
4 0.405885 0.733872 0.00745125 0.00977421
4 0.713704 0.56745 0.019906 0.0174
3 0.825121 0.412903 0.0380062 0.0259763
4 0.768533 0.459106 0.00794287 0.0106592
4 0.20378 0.454428 0.0154891 0.0192647
3 0.74903 0.373929 0.0157112 0.0188139
4 0.333676 0.163571 0.0260232 0.0359925
4 0.526831 0.687833 0.0177864 0.0174257
4 0.871718 0.217399 0.0190027 0.0171157
4 0.68343 0.658911 0.0136244 0.0119075
4 0.344113 0.647536 0.0124378 0.0136463
4 0.79495 0.298232 0.0138798 0.0134721
4 0.402499 0.0823171 0.0265852 0.0300682
4 0.319661 0.571054 0.00819678 0.00975075
4 0.844949 0.554869 0.00698395 0.010697
4 0.370256 0.275641 0.0262323 0.0229289
4 0.419487 0.345855 0.0152985 0.018365
4 0.679001 0.502686 0.0136631 0.0272764
4 0.551994 0.0812179 0.0126301 0.0155187
4 0.34639 0.0857748 0.0165502 0.0176241
4 0.506787 0.226423 0.062351 0.0818511
4 0.332735 0.0554361 0.00723901 0.00777115
4 0.229288 0.341258 0.0240346 0.0310256
4 0.520813 0.713537 0.0105124 0.0167833
4 0.204603 0.356821 0.0143369 0.0173166
3 0.671766 0.395355 0.0135514 0.0138943
4 0.342797 0.651268 0.0129325 0.0183269
4 0.673723 0.611124 0.0403403 0.078746
4 0.493885 0.118399 0.0104452 0.0132787
3 0.599711 0.69776 0.0159586 0.0164833
4 0.88245 0.224649 0.0157578 0.0235303
4 0.252521 0.544461 0.00968719 0.0145973
4 0.22081 0.482261 0.00727291 0.00895519
3 0.713543 0.20088 0.0133965 0.0159678
4 0.50838 0.140625 0.0194223 0.0315252
4 0.494725 0.248135 0.0283901 0.0354009
4 0.336948 0.161913 0.0228193 0.0336814
4 0.49001 0.560031 0.0114718 0.0131793
4 0.870013 0.340022 0.0112432 0.0104203
4 0.520233 0.665853 0.00748558 0.0129909
4 0.846636 0.366762 0.0141911 0.0111055
4 0.684181 0.634801 0.0200884 0.026609
4 0.562826 0.762375 0.00992308 0.00977879
4 0.30816 0.285287 0.013475 0.0122807
4 0.392702 0.234235 0.0270627 0.0214667
4 0.358441 0.154567 0.0158017 0.0153171
4 0.479881 0.643553 0.00932732 0.00936661
4 0.587431 0.266651 0.0371281 0.0353561
4 0.859614 0.360149 0.0133183 0.0212207
4 0.581928 0.706286 0.00718193 0.00749779
3 0.703954 0.28578 0.0114851 0.0145702
4 0.845637 0.38214 0.0140999 0.00981302
4 0.362397 0.2469 0.0435071 0.0509466
4 0.805014 0.475523 0.0148693 0.0209612
4 0.751367 0.58531 0.0171443 0.019816
4 0.301723 0.595171 0.0127748 0.0167566
4 0.718021 0.555938 0.0253534 0.0254457
3 0.747715 0.330439 0.0120373 0.0138059
4 0.794955 0.465914 0.0296043 0.0400214
4 0.875223 0.222208 0.025366 0.0269333
4 0.349741 0.248363 0.0238636 0.0241828
4 0.5889 0.613034 0.00876884 0.00879478
4 0.666719 0.67794 0.0101826 0.0117496
4 0.80435 0.30584 0.0238281 0.0300361
3 0.726662 0.173156 0.021095 0.0172648
4 0.490003 0.600669 0.0348753 0.0450495
4 0.813856 0.162039 0.0109219 0.0117236
4 0.436354 0.215319 0.00735703 0.00880547
4 0.822651 0.271158 0.0155987 0.0182748
4 0.335055 0.671393 0.0231221 0.0261686
4 0.493013 0.12769 0.0133162 0.0295561
4 0.32723 0.672388 0.0208626 0.028383
4 0.260743 0.226809 0.0273614 0.0551781
3 0.725389 0.291766 0.015741 0.0194737
4 0.277862 0.269 0.0269934 0.0161976
4 0.300399 0.252182 0.0179698 0.0195903
4 0.629804 0.670678 0.0078124 0.0106308
