4 0.48524 0.585269 0.106128 0.204035
3 0.586675 0.500828 0.0557213 0.0213043
4 0.477754 0.27192 0.0644806 0.0480889
3 0.830866 0.55586 0.0612267 0.0476009
3 0.285667 0.640039 0.0209792 0.0289813
3 0.246703 0.327701 0.0194541 0.0314926
3 0.844739 0.331885 0.0552567 0.0559058
3 0.465055 0.814065 0.07082 0.0343834
3 0.663206 0.209664 0.0635172 0.120205
4 0.395132 0.188963 0.0307672 0.0546789
4 0.406766 0.185605 0.0144308 0.0409644
4 0.313079 0.726292 0.0146003 0.0328169
3 0.490259 0.301974 0.0321072 0.0172071
3 0.132124 0.415957 0.0183371 0.0241749
4 0.471497 0.453252 0.0233887 0.0287512
4 0.32781 0.438956 0.028886 0.0400383
3 0.177322 0.756833 0.0174535 0.0258471
3 0.570026 0.356521 0.0180384 0.0145939
4 0.282916 0.532063 0.0105516 0.00812101
3 0.086488 0.647133 0.0273067 0.0372088
3 0.192664 0.739036 0.018563 0.027565
3 0.5423 0.934532 0.0234858 0.0272526
4 0.329284 0.666655 0.0132677 0.0261549
4 0.303866 0.543799 0.0145053 0.0207724
4 0.320949 0.762771 0.0214882 0.0374269
3 0.744543 0.230881 0.0373342 0.0641997
4 0.444015 0.405834 0.0184673 0.0258293
4 0.400655 0.639002 0.0605499 0.102573
4 0.445324 0.443969 0.0137436 0.0233457
3 0.179162 0.752205 0.0211143 0.0362711
5 0.294919 0.0848354 0.0380519 0.0340299
3 0.142416 0.776626 0.0168966 0.0196227
4 0.39995 0.465111 0.0608351 0.102719
4 0.329062 0.721759 0.0129695 0.0227926
4 0.408289 0.22753 0.0125669 0.01565
3 0.493414 0.307129 0.0346701 0.0288452
4 0.36462 0.642295 0.0156468 0.026615
4 0.374613 0.40559 0.0152217 0.0217571
4 0.379792 0.397169 0.025993 0.043107
4 0.416654 0.61744 0.0190762 0.0606703
4 0.396619 0.31593 0.00925274 0.0118125
4 0.358008 0.375603 0.0103162 0.0238966
3 0.290373 0.145815 0.0182028 0.0122633
3 0.253984 0.579212 0.0186094 0.0183218
3 0.294366 0.114004 0.0271365 0.0262737
3 0.171696 0.631291 0.0118571 0.0152615
4 0.320137 0.390039 0.0152247 0.0241363
4 0.393996 0.665155 0.0283717 0.0426172
4 0.364535 0.638746 0.0171562 0.0189602
4 0.376185 0.39758 0.0178017 0.0448723
4 0.36027 0.593443 0.0243171 0.0245281
3 0.207401 0.39085 0.0135221 0.0188623
3 0.478271 0.111829 0.0556939 0.0540901
3 0.182109 0.693985 0.0180494 0.0166892
4 0.156672 0.434296 0.00653949 0.0116035
3 0.615742 0.620803 0.0321388 0.0560736
3 0.23417 0.555859 0.0138822 0.0190334
3 0.253877 0.733018 0.012515 0.0133331
3 0.245506 0.330715 0.0246774 0.0332598
1 0.392528 0.518478 0.26065 0.28116
4 0.355552 0.60333 0.0228012 0.0215046
4 0.332581 0.25225 0.011845 0.0120091
3 0.584023 0.353408 0.0409348 0.0405794
4 0.415629 0.602846 0.0165301 0.0318098
3 0.613213 0.0290023 0.0252193 0.0210897
3 0.208327 0.279482 0.013706 0.0157765
4 0.311748 0.385587 0.0158167 0.0172642
4 0.433197 0.676054 0.0111403 0.0151999
3 0.206415 0.727901 0.0220828 0.0139702
3 0.515806 0.138865 0.0128805 0.0157774
3 0.754741 0.237549 0.0600312 0.0838808
4 0.356573 0.373689 0.00896034 0.0218091
4 0.406157 0.393427 0.0143095 0.0209982
4 0.382468 0.305325 0.00753784 0.00888743
4 0.460279 0.609509 0.0111743 0.0123546
3 0.265488 0.155276 0.0226519 0.0141646
4 0.494054 0.690616 0.00604267 0.00850134
4 0.260616 0.529947 0.0116125 0.00794392
4 0.371695 0.240179 0.0100826 0.00994883
4 0.392402 0.404912 0.0137105 0.0173116
3 0.154458 0.797198 0.012736 0.0129443
4 0.444133 0.480668 0.00905838 0.0129603
4 0.383999 0.596619 0.0153525 0.0171984
4 0.322475 0.629325 0.0147448 0.0197134
4 0.394544 0.295485 0.00876474 0.0120796
4 0.348033 0.695415 0.0109764 0.0192371
5 0.869308 0.335046 0.0219749 0.0373689
3 0.740236 0.21658 0.0296524 0.0297456
4 0.27036 0.60533 0.00673504 0.00810385
3 0.465391 0.819212 0.068593 0.0204014
4 0.52048 0.455489 0.0213978 0.0211643
3 0.189022 0.742059 0.0248137 0.0399403
4 0.494519 0.429094 0.00980597 0.0131345
3 0.655085 0.193158 0.0489708 0.0865992
3 0.1347 0.526465 0.0118204 0.0138384
3 0.58945 0.356617 0.0386766 0.0474202
3 0.180407 0.282432 0.0146069 0.0197978
4 0.426633 0.456483 0.0113205 0.0167662
4 0.418805 0.631772 0.0306645 0.0897085
4 0.310502 0.563618 0.012211 0.0145369
4 0.432694 0.673908 0.00970898 0.0128608
3 0.880529 0.208787 0.0152697 0.0167662
3 0.561213 0.529448 0.0154738 0.00797577
4 0.264389 0.529418 0.0178752 0.0104378
4 0.321357 0.540095 0.0144389 0.0168094
4 0.365852 0.346706 0.01297 0.0126493
