4 0.59637 0.711354 0.070653 0.114359
4 0.522815 0.691115 0.0331814 0.04259
0 0.26625 0.447284 0.12461 0.172326
4 0.729095 0.316093 0.0430492 0.0516524
4 0.47916 0.793824 0.0300788 0.0456957
4 0.776841 0.509283 0.0235331 0.0318853
4 0.57384 0.6052 0.0172231 0.0255354
4 0.687546 0.503034 0.0776672 0.0739492
4 0.117749 0.406086 0.00856915 0.00891333
4 0.663215 0.28378 0.0602154 0.0889807
4 0.801809 0.513335 0.0560764 0.0681265
5 0.0552579 0.397391 0.0454426 0.0474179
4 0.0849094 0.492314 0.0140499 0.0124916
4 0.825462 0.447348 0.031361 0.059423
4 0.38226 0.196045 0.00778608 0.00834956
4 0.825061 0.432887 0.0396889 0.0901207
4 0.566935 0.481729 0.0217194 0.0270865
4 0.490988 0.293444 0.00806866 0.0099412
4 0.757269 0.685889 0.0341755 0.0397168
3 0.676908 0.796565 0.0295945 0.0231427
4 0.654285 0.235906 0.013225 0.0194093
4 0.555414 0.0846574 0.00731926 0.00994799
4 0.816315 0.383511 0.0307655 0.0277669
4 0.808797 0.355073 0.0195772 0.0282404
3 0.57157 0.859787 0.0292662 0.0145491
4 0.736134 0.792728 0.0130167 0.0252956
4 0.593046 0.216156 0.00953588 0.00976625
4 0.56027 0.183813 0.0150162 0.0160108
3 0.51851 0.655017 0.0219223 0.0211607
4 0.0635032 0.49063 0.0188476 0.023033
4 0.445414 0.366938 0.00985775 0.0101792
4 0.747706 0.718516 0.0196398 0.0204664
4 0.527794 0.444955 0.0093996 0.0114861
4 0.476744 0.337992 0.0167915 0.0191125
3 0.557376 0.788123 0.0231327 0.0252615
4 0.482186 0.0595951 0.0103027 0.0107383
3 0.385199 0.161967 0.0177812 0.0213869
4 0.103479 0.451752 0.00878294 0.0141144
4 0.746031 0.770123 0.0215261 0.0175547
4 0.458293 0.35392 0.00900135 0.0101003
4 0.588207 0.182708 0.0218442 0.016659
4 0.444172 0.318404 0.00787058 0.00947976
4 0.54554 0.34209 0.0164106 0.0142527
4 0.0557572 0.397648 0.0441514 0.0458566
4 0.431951 0.332603 0.0134825 0.0121207
4 0.721475 0.60621 0.0147871 0.0159569
4 0.631909 0.772217 0.0194317 0.0332354
4 0.530307 0.754692 0.0130592 0.0141371
4 0.721732 0.808209 0.0115038 0.0175827
4 0.480031 0.371946 0.00869789 0.00945659
4 0.704538 0.265395 0.0112143 0.0157445
4 0.792367 0.534007 0.0189809 0.0258554
4 0.507483 0.334827 0.015243 0.0152428
4 0.435247 0.204205 0.0260337 0.0127232
3 0.485131 0.692286 0.0135593 0.0125019
4 0.794224 0.341036 0.00998192 0.0175826
4 0.633259 0.440126 0.0814993 0.127146
4 0.627481 0.183018 0.0110497 0.0112558
4 0.54114 0.257201 0.0084754 0.00999346
4 0.507578 0.306531 0.016259 0.0166268
4 0.437158 0.201693 0.0274379 0.016704
4 0.622436 0.883977 0.0137772 0.0231998
4 0.747886 0.737748 0.0176626 0.0174853
4 0.117079 0.419647 0.00798545 0.00874338
4 0.46403 0.195805 0.0118248 0.0224928
4 0.544861 0.229064 0.0130748 0.0157014
4 0.670508 0.280329 0.0510212 0.0805113
4 0.639113 0.601425 0.0142019 0.0166507
4 0.604144 0.857005 0.0280059 0.0438004
4 0.0638202 0.488005 0.0242538 0.0269526
4 0.792893 0.321531 0.0112253 0.0101089
4 0.813774 0.513286 0.0350864 0.0645931
4 0.656868 0.354818 0.0061244 0.00861816
4 0.600987 0.600643 0.0227802 0.0274202
4 0.557692 0.222379 0.0136024 0.0126097
4 0.463446 0.193087 0.0124866 0.0159393
4 0.704049 0.859284 0.00976629 0.0114346
4 0.602799 0.611248 0.0143999 0.0276501
4 0.601758 0.310516 0.0471735 0.0483479
4 0.474238 0.33647 0.0162689 0.0184839
4 0.648255 0.431252 0.0278805 0.0296097
4 0.598475 0.606054 0.0287318 0.0398407
4 0.498109 0.370529 0.0113359 0.0120733
4 0.627323 0.470445 0.0658262 0.0650991
5 0.0606224 0.297277 0.0591844 0.0754901
4 0.506166 0.24131 0.0121094 0.0109081
4 0.75482 0.550898 0.0168201 0.02154
4 0.781622 0.328808 0.00958481 0.0103105
3 0.652237 0.76089 0.0142751 0.0132652
4 0.748866 0.733127 0.0205269 0.0243645
4 0.716039 0.355191 0.0180445 0.0333964
4 0.557702 0.733585 0.0106562 0.0124466
4 0.752028 0.603221 0.0098856 0.0126474
4 0.246622 0.183674 0.0125896 0.0128886
4 0.607156 0.404645 0.00912456 0.0115619
4 0.535236 0.743831 0.0138301 0.0197519
4 0.458301 0.265228 0.00964527 0.00995746
4 0.831163 0.419011 0.025771 0.0605242
4 0.695543 0.325066 0.0174307 0.0182361
4 0.489456 0.119344 0.00971661 0.0103195
4 0.554594 0.357644 0.0105312 0.00857854
3 0.485743 0.655526 0.0135729 0.0147552
4 0.440289 0.33277 0.0132215 0.0115837
4 0.738178 0.593837 0.0145411 0.0230918
4 0.743473 0.784772 0.0283463 0.042287
4 0.596627 0.598553 0.0248248 0.0252428
3 0.628636 0.259701 0.0170895 0.0149223
4 0.50274 0.765471 0.0101923 0.01173
3 0.384375 0.717578 0.00967922 0.0128767
4 0.0569021 0.506128 0.00854335 0.00765629
4 0.691128 0.0549262 0.0149391 0.0115409
4 0.630855 0.520592 0.0114023 0.0130796
4 0.736215 0.791265 0.0165405 0.0292231
4 0.0921177 0.46848 0.0168304 0.0153107
